
black = [0 0 0];
verydarkgray = [0.25 0.25 0.25];
darkgray = [0.5 0.5 0.5];
gray = [0.7 0.7 0.7];
boxcolor = [0.85 0.85 0.85];
lightgray = [249 249 249]/255;


red = [0.6350 0.0780 0.1840];
lightred = [249 102 102]/255;
orange = [0.8500 0.3250 0.0980];
coral = [255 127 80]/255;
pink = [255 153 204]/255;

yellow = [0.9290 0.6940 0.1250];
gold = [255 215 0]/255;
brown = [153 102 51]/255;

blue = [0 0.4470 0.7410];
lightblue = [0.3010 0.7450 0.9330];
purple = [0.4940 0.1840 0.5560];

green = [0.4660 0.6740 0.1880];
green2 = [0 153 0]/255;
seagreen = [46 139 87]/255;
olive = [107 142 35]/255;
darkgreen = [21 71 52]/255;

cyan = [0 255 255]/255;

lightpurple = [204 153 255]/255;
purple = [153 51 255]/255;
darkpurple = [102 0 204]/255;
brown1 = [153 76 0]/255;
brown2 = [255 178 103]/255;

